50
20
32 43 76 13 38 6 87 82 57 17 9 60 10 93 90 34 15 82 61 42
19 24 23 94 43 25 8 94 56 69 95 84 32 99 65 83 62 55 91 22
28 2 98 49 89 86 53 74 76 91 23 77 28 23 36 58 45 13 72 22
26 27 65 95 81 59 12 45 1 47 61 8 85 50 96 47 95 72 7 67
95 22 34 44 69 20 36 19 7 72 18 55 44 60 20 17 48 53 42 91
81 67 10 8 27 55 93 78 67 39 9 94 65 50 8 72 21 36 62 42
64 92 58 56 80 41 76 43 69 92 2 93 39 28 1 57 83 36 96 98
99 57 65 8 26 96 88 79 79 41 5 83 50 89 87 28 81 33 27 97
10 43 71 41 9 38 99 43 82 76 33 57 83 2 59 9 9 66 93 13
94 11 43 95 92 51 68 87 63 57 41 54 21 65 43 73 63 48 17 87
23 85 66 46 94 41 54 97 36 59 93 66 63 40 68 88 50 75 65 64
36 94 65 88 11 71 17 55 65 67 55 68 58 53 2 44 79 55 24 63
19 13 99 21 47 89 32 55 72 57 9 83 50 33 54 28 14 44 50 62
98 74 73 41 80 66 64 19 22 99 19 20 93 7 28 11 15 56 56 44
4 11 15 6 56 94 85 12 21 78 15 37 3 63 99 92 92 93 36 74
75 98 29 53 97 68 45 76 60 43 2 24 72 47 62 72 11 41 88 59
72 26 85 26 43 22 65 53 31 42 70 80 96 1 3 87 43 58 93 22
75 70 33 20 43 11 17 37 57 71 39 62 93 4 95 3 28 51 10 26
86 82 38 68 31 90 52 5 51 55 73 84 17 18 33 64 91 23 48 19
38 2 22 17 83 97 59 33 71 96 90 54 42 67 2 86 16 3 10 47
26 15 10 52 37 41 77 20 98 43 94 80 13 35 33 40 71 66 45 75
50 94 5 30 59 74 64 14 96 24 15 3 49 75 44 22 9 82 51 57
88 67 27 22 40 60 38 37 43 12 52 88 14 24 11 12 60 77 15 32
94 68 41 55 27 53 91 94 73 3 34 23 33 23 62 80 81 19 47 15
87 54 81 91 20 35 8 20 17 68 17 87 78 55 54 44 93 98 78 79
57 19 95 97 64 35 33 32 91 77 52 57 47 15 8 90 86 2 83 60
92 17 93 45 16 27 36 58 28 48 49 27 70 62 31 11 35 76 13 44
21 19 34 9 25 70 84 10 39 17 58 41 51 32 9 91 26 35 34 24
98 56 79 34 31 38 38 90 37 7 77 63 66 2 52 66 62 37 25 2
1 25 4 50 92 48 37 31 92 1 97 86 75 38 44 56 67 8 73 5
22 72 14 16 57 16 47 81 16 43 89 5 41 24 2 69 4 96 87 82
31 17 32 84 5 49 50 45 36 19 81 22 81 12 96 83 80 49 24 44
41 43 11 59 66 69 43 53 39 8 18 62 38 85 41 51 33 5 60 33
67 33 92 99 49 61 30 65 35 1 60 43 49 74 68 79 46 44 53 16
46 84 3 51 48 29 82 62 36 53 16 15 23 83 97 94 36 34 98 89
96 9 85 91 72 78 35 34 92 23 51 42 25 79 52 19 69 16 52 66
93 31 36 11 63 35 63 83 90 45 12 51 31 65 4 59 24 99 30 59
66 11 69 60 84 78 13 20 63 32 53 81 9 45 85 57 54 27 68 19
11 35 63 63 84 31 56 20 67 41 57 95 89 35 41 49 28 66 78 77
9 57 71 34 77 88 68 80 73 3 5 32 89 3 70 22 35 19 36 50
46 41 85 23 96 97 38 11 8 69 86 46 95 17 7 3 74 60 15 10
22 1 32 90 11 55 4 12 44 52 90 55 71 9 23 11 55 28 75 15
8 66 63 81 5 1 98 91 16 18 23 75 83 59 91 70 77 1 85 8
82 83 33 54 78 80 32 35 3 2 75 69 98 91 98 26 48 32 20 84
27 12 58 44 8 72 38 54 45 31 20 26 73 39 39 67 72 83 79 52
66 72 31 91 12 17 39 51 19 32 23 56 55 51 62 57 60 15 39 13
59 51 23 50 10 96 67 99 86 10 10 80 1 52 5 56 4 93 45 15
78 40 6 18 69 3 23 30 43 1 73 96 70 43 85 71 79 87 56 13
46 6 4 54 83 50 37 53 93 55 37 85 96 12 86 55 53 7 24 25
88 13 31 96 63 75 96 98 22 6 66 40 52 60 41 55 9 6 15 49
3694 3694 3694 3694 3694 3694 3694 3694 3694 3694
3694 3694 3694 3694 3694 3694 3694 3694 3694 3694
3694 3694 3694 3694 3694 3694 3694 3694 3694 3694
3694 3694 3694 3694 3694 3694 3694 3694 3694 3694
3694 3694 3694 3694 3694 3694 3694 3694 3694 3694
18523