80
20
94 72 79 84 77 21 43 58 25 16 31 97 99 60 61 73 26 92 50 70
61 67 86 22 66 38 93 33 54 16 11 35 42 17 64 11 77 10 89 15
50 55 19 13 97 99 89 59 51 40 37 67 49 35 60 31 63 21 67 44
34 68 11 27 80 43 80 48 63 73 37 33 99 30 24 1 38 86 7 8
31 12 87 71 76 67 31 89 83 68 96 61 27 42 17 55 88 88 96 62
4 53 43 9 26 80 78 59 93 99 73 38 99 48 72 42 69 75 64 87
92 59 66 12 34 80 56 22 98 21 60 28 13 9 57 74 88 24 5 25
62 15 20 80 4 3 60 30 36 98 67 89 76 3 76 40 34 52 51 91
54 54 68 37 59 19 19 44 70 82 39 57 28 88 25 70 90 10 58 41
22 69 48 29 6 73 45 72 97 56 69 80 34 43 24 58 91 91 78 32
69 21 95 76 97 42 47 96 4 94 62 54 95 22 74 21 25 14 2 27
27 65 39 13 18 96 33 12 27 29 43 13 55 47 60 15 53 7 32 52
21 58 96 30 43 15 95 31 6 61 59 80 51 4 27 9 48 17 83 89
41 65 51 74 5 58 65 79 59 26 94 9 40 67 47 14 35 86 10 90
84 94 44 39 3 48 4 73 55 57 87 28 72 27 26 50 56 62 96 1
60 44 95 70 75 85 8 64 24 60 75 62 26 3 13 93 25 48 54 2
4 83 59 65 50 13 69 92 61 7 70 62 49 89 9 33 19 37 89 55
79 25 1 55 83 45 13 62 75 37 86 69 35 93 90 82 47 81 66 52
88 28 35 6 51 61 71 19 68 80 62 73 18 16 34 48 65 75 68 66
88 26 10 18 43 28 43 67 57 72 47 19 21 75 17 51 83 40 50 96
48 87 7 71 98 44 26 76 47 54 4 14 10 80 42 9 14 31 99 77
32 69 72 32 75 66 46 18 90 23 89 28 14 63 74 17 30 76 34 14
13 62 57 94 16 49 49 43 42 85 38 22 59 73 59 59 92 9 24 27
95 99 13 41 90 52 52 85 26 59 65 87 15 40 10 10 98 73 17 74
37 93 63 27 89 15 73 72 23 65 44 50 75 49 25 99 43 55 7 40
51 70 26 11 1 29 96 47 69 44 19 37 2 62 52 49 38 91 66 52
10 31 20 20 15 18 4 40 80 14 52 4 72 55 1 92 1 75 40 77
81 6 70 56 14 30 55 35 7 61 39 15 26 27 98 66 53 56 99 36
95 71 29 67 38 31 31 7 38 20 83 57 59 90 70 16 94 93 16 52
47 40 44 18 80 75 6 18 70 62 94 37 21 94 25 47 80 85 97 36
61 20 55 77 91 74 81 9 18 91 48 39 30 74 1 35 9 72 13 83
51 21 41 83 22 38 5 14 79 41 14 85 97 61 9 11 70 18 46 67
33 5 86 11 74 96 37 73 87 43 66 7 57 23 76 22 94 40 83 64
12 90 71 24 15 35 44 63 27 38 71 99 26 41 84 15 83 61 45 16
10 74 95 77 2 94 27 37 73 67 7 90 9 96 34 79 45 27 59 13
76 28 71 33 91 11 79 21 81 95 57 18 10 96 5 1 63 28 81 56
98 37 67 25 94 72 54 8 93 4 5 41 64 21 53 57 85 80 96 94
63 9 18 69 69 23 83 2 61 25 37 33 56 9 36 64 50 80 35 26
98 24 87 32 49 75 92 28 36 77 80 27 20 32 61 4 11 17 59 8
5 28 58 78 6 17 76 89 5 81 93 53 61 17 83 82 86 8 65 13
66 43 54 20 10 75 78 3 20 87 61 76 54 32 46 63 70 49 66 54
7 20 70 65 14 83 66 12 52 29 32 15 39 20 44 52 5 46 60 54
6 41 38 28 87 33 90 52 69 99 74 56 37 80 51 4 34 76 57 71
33 42 65 82 21 38 26 45 13 72 19 79 67 97 32 64 34 85 63 79
32 36 94 58 99 73 74 38 23 15 78 2 48 81 86 61 71 30 55 68
56 66 7 20 39 61 78 80 78 30 95 53 43 92 32 94 84 95 59 67
96 89 44 16 52 72 47 73 93 4 55 5 84 50 37 82 52 65 68 79
89 43 64 47 81 12 4 65 35 89 24 56 62 65 1 62 22 70 57 10
14 13 99 40 53 89 95 11 20 90 19 61 69 43 40 27 78 15 90 50
77 86 36 94 42 92 85 10 83 93 56 55 49 88 70 82 94 5 42 85
25 50 44 39 47 70 26 71 59 69 36 61 64 53 58 63 11 70 71 94
90 69 35 66 69 17 30 95 70 1 8 56 22 14 16 82 72 41 83 29
75 39 13 99 65 85 14 23 2 65 64 9 71 84 18 93 23 26 31 87
54 31 75 40 61 22 64 87 73 49 88 69 6 30 82 97 50 49 75 94
5 65 82 47 77 81 81 53 94 91 8 53 11 79 86 70 7 69 83 87
64 74 26 71 60 44 89 37 41 13 42 73 37 96 46 77 64 61 74 51
95 5 85 85 15 43 35 70 38 9 14 8 63 52 32 29 85 2 99 17
20 78 43 7 13 49 26 93 72 28 72 99 45 78 50 66 62 19 28 16
4 36 41 95 22 94 93 90 33 29 39 67 3 24 95 59 7 36 49 80
16 42 23 6 78 67 68 31 38 35 95 68 71 78 53 76 19 94 17 89
19 58 24 47 57 57 23 73 72 98 94 88 90 80 9 67 70 17 69 19
74 96 16 39 21 10 78 77 38 36 34 63 50 86 27 52 42 97 11 96
51 61 19 60 99 52 32 58 43 97 42 39 78 54 84 94 73 60 30 5
81 75 62 2 43 27 71 21 10 16 38 59 26 22 33 57 37 85 36 15
6 17 34 55 58 2 48 44 1 81 21 88 95 59 92 36 96 27 42 15
47 23 29 92 25 14 45 98 27 93 26 17 30 24 60 87 67 43 51 91
74 93 67 1 91 37 97 30 9 43 91 86 10 22 79 1 10 95 71 35
5 92 10 7 28 21 95 67 56 39 67 19 98 23 60 13 7 13 25 18
36 4 55 58 21 24 21 18 32 66 71 75 94 53 8 75 68 77 31 24
90 18 84 26 56 83 54 63 59 76 91 63 5 63 29 97 56 98 53 52
18 36 32 48 50 35 73 67 77 59 43 54 48 42 44 41 51 95 91 26
64 19 79 15 54 40 63 5 57 40 95 10 54 65 47 64 36 83 12 43
3 68 67 51 73 84 90 10 89 35 52 41 13 57 9 82 67 1 86 98
89 56 35 56 75 86 97 30 71 56 61 85 2 91 13 77 66 57 45 57
96 5 71 42 7 54 20 9 72 77 39 54 40 86 42 82 66 59 95 18
33 64 32 39 47 70 71 50 54 62 58 28 9 60 36 16 48 15 92 21
38 31 76 39 29 22 69 52 65 8 95 8 90 95 38 76 63 82 71 39
71 93 80 57 2 23 64 47 13 61 96 8 88 23 25 73 37 1 70 7
89 78 16 91 64 48 51 58 13 51 2 2 32 24 31 96 87 17 4 48
33 51 95 1 6 29 74 4 73 29 12 24 58 87 70 92 48 34 70 26
4911 4911 4911 4911 4911 4911 4911 4911 4911 4911
4911 4911 4911 4911 4911 4911 4911 4911 4911 4911
4911 4911 4911 4911 4911 4911 4911 4911 4911 4911
4911 4911 4911 4911 4911 4911 4911 4911 4911 4911
4911 4911 4911 4911 4911 4911 4911 4911 4911 4911
4911 4911 4911 4911 4911 4911 4911 4911 4911 4911
4911 4911 4911 4911 4911 4911 4911 4911 4911 4911
4911 4911 4911 4911 4911 4911 4911 4911 4911 4911
51951